     0.000   0.100000E+01   0.000000E+00   0.000000E+00   0.000000E+00   0.000000E+00   0.000000E+00   0.000000E+00   0.000000E+00
     0.100   0.999785E+00   0.000000E+00   0.000000E+00   0.000000E+00   0.000000E+00   0.000000E+00   0.214966E-03   0.000000E+00
     0.200   0.999172E+00   0.000000E+00   0.000000E+00   0.000000E+00   0.000000E+00   0.000000E+00   0.828201E-03   0.000000E+00
     0.300   0.998171E+00   0.000000E+00   0.000000E+00   0.000000E+00   0.000000E+00   0.000000E+00   0.182879E-02   0.000000E+00
     0.400   0.996798E+00   0.000000E+00   0.000000E+00   0.000000E+00   0.000000E+00   0.000000E+00   0.320208E-02   0.000000E+00
     0.500   0.995070E+00   0.000000E+00   0.000000E+00   0.000000E+00   0.000000E+00   0.000000E+00   0.492962E-02   0.000000E+00
     0.600   0.993011E+00   0.000000E+00   0.000000E+00   0.000000E+00   0.000000E+00   0.000000E+00   0.698942E-02   0.000000E+00
     0.700   0.990644E+00   0.000000E+00   0.000000E+00   0.000000E+00   0.000000E+00   0.000000E+00   0.935622E-02   0.000000E+00
     0.800   0.987998E+00   0.000000E+00   0.000000E+00   0.000000E+00   0.000000E+00   0.000000E+00   0.120020E-01   0.000000E+00
     0.900   0.985104E+00   0.000000E+00   0.000000E+00   0.000000E+00   0.000000E+00   0.000000E+00   0.148962E-01   0.000000E+00
     1.000   0.981993E+00   0.000000E+00   0.000000E+00   0.000000E+00   0.000000E+00   0.000000E+00   0.180068E-01   0.000000E+00
     1.100   0.978700E+00   0.000000E+00   0.000000E+00   0.000000E+00   0.000000E+00   0.000000E+00   0.213001E-01   0.000000E+00
     1.200   0.975258E+00   0.000000E+00   0.000000E+00   0.000000E+00   0.000000E+00   0.000000E+00   0.247418E-01   0.000000E+00
     1.300   0.971703E+00   0.000000E+00   0.000000E+00   0.000000E+00   0.000000E+00   0.000000E+00   0.282972E-01   0.000000E+00
     1.400   0.968068E+00   0.000000E+00   0.000000E+00   0.000000E+00   0.000000E+00   0.000000E+00   0.319316E-01   0.000000E+00
     1.500   0.964389E+00   0.000000E+00   0.000000E+00   0.000000E+00   0.000000E+00   0.000000E+00   0.356111E-01   0.000000E+00
     1.600   0.960698E+00   0.000000E+00   0.000000E+00   0.000000E+00   0.000000E+00   0.000000E+00   0.393024E-01   0.000000E+00
     1.700   0.957026E+00   0.000000E+00   0.000000E+00   0.000000E+00   0.000000E+00   0.000000E+00   0.429738E-01   0.000000E+00
     1.800   0.953405E+00   0.000000E+00   0.000000E+00   0.000000E+00   0.000000E+00   0.000000E+00   0.465947E-01   0.000000E+00
     1.900   0.949863E+00   0.000000E+00   0.000000E+00   0.000000E+00   0.000000E+00   0.000000E+00   0.501367E-01   0.000000E+00
     2.000   0.946427E+00   0.000000E+00   0.000000E+00   0.000000E+00   0.000000E+00   0.000000E+00   0.535731E-01   0.000000E+00
     2.100   0.943121E+00   0.000000E+00   0.000000E+00   0.000000E+00   0.000000E+00   0.000000E+00   0.568794E-01   0.000000E+00
     2.200   0.939967E+00   0.000000E+00   0.000000E+00   0.000000E+00   0.000000E+00   0.000000E+00   0.600332E-01   0.000000E+00
     2.300   0.936985E+00   0.000000E+00   0.000000E+00   0.000000E+00   0.000000E+00   0.000000E+00   0.630146E-01   0.000000E+00
     2.400   0.934194E+00   0.000000E+00   0.000000E+00   0.000000E+00   0.000000E+00   0.000000E+00   0.658060E-01   0.000000E+00
     2.500   0.931608E+00   0.000000E+00   0.000000E+00   0.000000E+00   0.000000E+00   0.000000E+00   0.683921E-01   0.000000E+00
     2.600   0.929240E+00   0.000000E+00   0.000000E+00   0.000000E+00   0.000000E+00   0.000000E+00   0.707600E-01   0.000000E+00
     2.700   0.927101E+00   0.000000E+00   0.000000E+00   0.000000E+00   0.000000E+00   0.000000E+00   0.728992E-01   0.000000E+00
     2.800   0.925199E+00   0.000000E+00   0.000000E+00   0.000000E+00   0.000000E+00   0.000000E+00   0.748015E-01   0.000000E+00
     2.900   0.923539E+00   0.000000E+00   0.000000E+00   0.000000E+00   0.000000E+00   0.000000E+00   0.764609E-01   0.000000E+00
     3.000   0.922126E+00   0.000000E+00   0.000000E+00   0.000000E+00   0.000000E+00   0.000000E+00   0.778738E-01   0.000000E+00
     3.100   0.920961E+00   0.000000E+00   0.000000E+00   0.000000E+00   0.000000E+00   0.000000E+00   0.790386E-01   0.000000E+00
     3.200   0.920044E+00   0.000000E+00   0.000000E+00   0.000000E+00   0.000000E+00   0.000000E+00   0.799558E-01   0.000000E+00
     3.300   0.919372E+00   0.000000E+00   0.000000E+00   0.000000E+00   0.000000E+00   0.000000E+00   0.806281E-01   0.000000E+00
     3.400   0.918940E+00   0.000000E+00   0.000000E+00   0.000000E+00   0.000000E+00   0.000000E+00   0.810601E-01   0.000000E+00
     3.500   0.918742E+00   0.000000E+00   0.000000E+00   0.000000E+00   0.000000E+00   0.000000E+00   0.812582E-01   0.000000E+00
     3.600   0.918769E+00   0.000000E+00   0.000000E+00   0.000000E+00   0.000000E+00   0.000000E+00   0.812306E-01   0.000000E+00
     3.700   0.919013E+00   0.000000E+00   0.000000E+00   0.000000E+00   0.000000E+00   0.000000E+00   0.809874E-01   0.000000E+00
     3.800   0.919460E+00   0.000000E+00   0.000000E+00   0.000000E+00   0.000000E+00   0.000000E+00   0.805402E-01   0.000000E+00
     3.900   0.920098E+00   0.000000E+00   0.000000E+00   0.000000E+00   0.000000E+00   0.000000E+00   0.799024E-01   0.000000E+00
     4.000   0.920912E+00   0.000000E+00   0.000000E+00   0.000000E+00   0.000000E+00   0.000000E+00   0.790885E-01   0.000000E+00
     4.100   0.921885E+00   0.000000E+00   0.000000E+00   0.000000E+00   0.000000E+00   0.000000E+00   0.781146E-01   0.000000E+00
     4.200   0.923002E+00   0.000000E+00   0.000000E+00   0.000000E+00   0.000000E+00   0.000000E+00   0.769979E-01   0.000000E+00
     4.300   0.924243E+00   0.000000E+00   0.000000E+00   0.000000E+00   0.000000E+00   0.000000E+00   0.757570E-01   0.000000E+00
     4.400   0.925589E+00   0.000000E+00   0.000000E+00   0.000000E+00   0.000000E+00   0.000000E+00   0.744110E-01   0.000000E+00
     4.500   0.927020E+00   0.000000E+00   0.000000E+00   0.000000E+00   0.000000E+00   0.000000E+00   0.729800E-01   0.000000E+00
     4.600   0.928515E+00   0.000000E+00   0.000000E+00   0.000000E+00   0.000000E+00   0.000000E+00   0.714850E-01   0.000000E+00
     4.700   0.930053E+00   0.000000E+00   0.000000E+00   0.000000E+00   0.000000E+00   0.000000E+00   0.699469E-01   0.000000E+00
     4.800   0.931613E+00   0.000000E+00   0.000000E+00   0.000000E+00   0.000000E+00   0.000000E+00   0.683873E-01   0.000000E+00
     4.900   0.933172E+00   0.000000E+00   0.000000E+00   0.000000E+00   0.000000E+00   0.000000E+00   0.668277E-01   0.000000E+00
     5.000   0.934711E+00   0.000000E+00   0.000000E+00   0.000000E+00   0.000000E+00   0.000000E+00   0.652894E-01   0.000000E+00
     5.100   0.936207E+00   0.000000E+00   0.000000E+00   0.000000E+00   0.000000E+00   0.000000E+00   0.637932E-01   0.000000E+00
     5.200   0.937641E+00   0.000000E+00   0.000000E+00   0.000000E+00   0.000000E+00   0.000000E+00   0.623595E-01   0.000000E+00
     5.300   0.938992E+00   0.000000E+00   0.000000E+00   0.000000E+00   0.000000E+00   0.000000E+00   0.610076E-01   0.000000E+00
     5.400   0.940244E+00   0.000000E+00   0.000000E+00   0.000000E+00   0.000000E+00   0.000000E+00   0.597561E-01   0.000000E+00
     5.500   0.941378E+00   0.000000E+00   0.000000E+00   0.000000E+00   0.000000E+00   0.000000E+00   0.586220E-01   0.000000E+00
     5.600   0.942379E+00   0.000000E+00   0.000000E+00   0.000000E+00   0.000000E+00   0.000000E+00   0.576209E-01   0.000000E+00
     5.700   0.943233E+00   0.000000E+00   0.000000E+00   0.000000E+00   0.000000E+00   0.000000E+00   0.567670E-01   0.000000E+00
     5.800   0.943928E+00   0.000000E+00   0.000000E+00   0.000000E+00   0.000000E+00   0.000000E+00   0.560723E-01   0.000000E+00
     5.900   0.944453E+00   0.000000E+00   0.000000E+00   0.000000E+00   0.000000E+00   0.000000E+00   0.555473E-01   0.000000E+00
     6.000   0.944800E+00   0.000000E+00   0.000000E+00   0.000000E+00   0.000000E+00   0.000000E+00   0.552000E-01   0.000000E+00
     6.100   0.944963E+00   0.000000E+00   0.000000E+00   0.000000E+00   0.000000E+00   0.000000E+00   0.550366E-01   0.000000E+00
     6.200   0.944939E+00   0.000000E+00   0.000000E+00   0.000000E+00   0.000000E+00   0.000000E+00   0.550611E-01   0.000000E+00
     6.300   0.944725E+00   0.000000E+00   0.000000E+00   0.000000E+00   0.000000E+00   0.000000E+00   0.552751E-01   0.000000E+00
     6.400   0.944322E+00   0.000000E+00   0.000000E+00   0.000000E+00   0.000000E+00   0.000000E+00   0.556783E-01   0.000000E+00
     6.500   0.943732E+00   0.000000E+00   0.000000E+00   0.000000E+00   0.000000E+00   0.000000E+00   0.562681E-01   0.000000E+00
     6.600   0.942960E+00   0.000000E+00   0.000000E+00   0.000000E+00   0.000000E+00   0.000000E+00   0.570399E-01   0.000000E+00
     6.700   0.942013E+00   0.000000E+00   0.000000E+00   0.000000E+00   0.000000E+00   0.000000E+00   0.579872E-01   0.000000E+00
     6.800   0.940898E+00   0.000000E+00   0.000000E+00   0.000000E+00   0.000000E+00   0.000000E+00   0.591016E-01   0.000000E+00
     6.900   0.939627E+00   0.000000E+00   0.000000E+00   0.000000E+00   0.000000E+00   0.000000E+00   0.603732E-01   0.000000E+00
     7.000   0.938209E+00   0.000000E+00   0.000000E+00   0.000000E+00   0.000000E+00   0.000000E+00   0.617905E-01   0.000000E+00
     7.100   0.936659E+00   0.000000E+00   0.000000E+00   0.000000E+00   0.000000E+00   0.000000E+00   0.633407E-01   0.000000E+00
     7.200   0.934990E+00   0.000000E+00   0.000000E+00   0.000000E+00   0.000000E+00   0.000000E+00   0.650100E-01   0.000000E+00
     7.300   0.933216E+00   0.000000E+00   0.000000E+00   0.000000E+00   0.000000E+00   0.000000E+00   0.667836E-01   0.000000E+00
     7.400   0.931354E+00   0.000000E+00   0.000000E+00   0.000000E+00   0.000000E+00   0.000000E+00   0.686461E-01   0.000000E+00
     7.500   0.929418E+00   0.000000E+00   0.000000E+00   0.000000E+00   0.000000E+00   0.000000E+00   0.705815E-01   0.000000E+00
     7.600   0.927426E+00   0.000000E+00   0.000000E+00   0.000000E+00   0.000000E+00   0.000000E+00   0.725737E-01   0.000000E+00
     7.700   0.925394E+00   0.000000E+00   0.000000E+00   0.000000E+00   0.000000E+00   0.000000E+00   0.746065E-01   0.000000E+00
     7.800   0.923337E+00   0.000000E+00   0.000000E+00   0.000000E+00   0.000000E+00   0.000000E+00   0.766635E-01   0.000000E+00
     7.900   0.921271E+00   0.000000E+00   0.000000E+00   0.000000E+00   0.000000E+00   0.000000E+00   0.787289E-01   0.000000E+00
     8.000   0.919213E+00   0.000000E+00   0.000000E+00   0.000000E+00   0.000000E+00   0.000000E+00   0.807872E-01   0.000000E+00
     8.100   0.917176E+00   0.000000E+00   0.000000E+00   0.000000E+00   0.000000E+00   0.000000E+00   0.828235E-01   0.000000E+00
     8.200   0.915176E+00   0.000000E+00   0.000000E+00   0.000000E+00   0.000000E+00   0.000000E+00   0.848237E-01   0.000000E+00
     8.300   0.913226E+00   0.000000E+00   0.000000E+00   0.000000E+00   0.000000E+00   0.000000E+00   0.867742E-01   0.000000E+00
     8.400   0.911337E+00   0.000000E+00   0.000000E+00   0.000000E+00   0.000000E+00   0.000000E+00   0.886627E-01   0.000000E+00
     8.500   0.909522E+00   0.000000E+00   0.000000E+00   0.000000E+00   0.000000E+00   0.000000E+00   0.904777E-01   0.000000E+00
     8.600   0.907791E+00   0.000000E+00   0.000000E+00   0.000000E+00   0.000000E+00   0.000000E+00   0.922087E-01   0.000000E+00
     8.700   0.906154E+00   0.000000E+00   0.000000E+00   0.000000E+00   0.000000E+00   0.000000E+00   0.938465E-01   0.000000E+00
     8.800   0.904617E+00   0.000000E+00   0.000000E+00   0.000000E+00   0.000000E+00   0.000000E+00   0.953828E-01   0.000000E+00
     8.900   0.903189E+00   0.000000E+00   0.000000E+00   0.000000E+00   0.000000E+00   0.000000E+00   0.968109E-01   0.000000E+00
     9.000   0.901875E+00   0.000000E+00   0.000000E+00   0.000000E+00   0.000000E+00   0.000000E+00   0.981248E-01   0.000000E+00
     9.100   0.900680E+00   0.000000E+00   0.000000E+00   0.000000E+00   0.000000E+00   0.000000E+00   0.993201E-01   0.000000E+00
     9.200   0.899607E+00   0.000000E+00   0.000000E+00   0.000000E+00   0.000000E+00   0.000000E+00   0.100393E+00   0.000000E+00
     9.300   0.898657E+00   0.000000E+00   0.000000E+00   0.000000E+00   0.000000E+00   0.000000E+00   0.101343E+00   0.000000E+00
     9.400   0.897833E+00   0.000000E+00   0.000000E+00   0.000000E+00   0.000000E+00   0.000000E+00   0.102167E+00   0.000000E+00
     9.500   0.897134E+00   0.000000E+00   0.000000E+00   0.000000E+00   0.000000E+00   0.000000E+00   0.102866E+00   0.000000E+00
     9.600   0.896558E+00   0.000000E+00   0.000000E+00   0.000000E+00   0.000000E+00   0.000000E+00   0.103442E+00   0.000000E+00
     9.700   0.896103E+00   0.000000E+00   0.000000E+00   0.000000E+00   0.000000E+00   0.000000E+00   0.103897E+00   0.000000E+00
     9.800   0.895766E+00   0.000000E+00   0.000000E+00   0.000000E+00   0.000000E+00   0.000000E+00   0.104234E+00   0.000000E+00
     9.900   0.895541E+00   0.000000E+00   0.000000E+00   0.000000E+00   0.000000E+00   0.000000E+00   0.104459E+00   0.000000E+00
    10.000   0.895425E+00   0.000000E+00   0.000000E+00   0.000000E+00   0.000000E+00   0.000000E+00   0.104575E+00   0.000000E+00
    10.100   0.895410E+00   0.000000E+00   0.000000E+00   0.000000E+00   0.000000E+00   0.000000E+00   0.104590E+00   0.000000E+00
    10.200   0.895490E+00   0.000000E+00   0.000000E+00   0.000000E+00   0.000000E+00   0.000000E+00   0.104510E+00   0.000000E+00
    10.300   0.895656E+00   0.000000E+00   0.000000E+00   0.000000E+00   0.000000E+00   0.000000E+00   0.104344E+00   0.000000E+00
    10.400   0.895900E+00   0.000000E+00   0.000000E+00   0.000000E+00   0.000000E+00   0.000000E+00   0.104100E+00   0.000000E+00
    10.500   0.896213E+00   0.000000E+00   0.000000E+00   0.000000E+00   0.000000E+00   0.000000E+00   0.103787E+00   0.000000E+00
    10.600   0.896585E+00   0.000000E+00   0.000000E+00   0.000000E+00   0.000000E+00   0.000000E+00   0.103415E+00   0.000000E+00
    10.700   0.897007E+00   0.000000E+00   0.000000E+00   0.000000E+00   0.000000E+00   0.000000E+00   0.102993E+00   0.000000E+00
    10.800   0.897467E+00   0.000000E+00   0.000000E+00   0.000000E+00   0.000000E+00   0.000000E+00   0.102533E+00   0.000000E+00
    10.900   0.897956E+00   0.000000E+00   0.000000E+00   0.000000E+00   0.000000E+00   0.000000E+00   0.102044E+00   0.000000E+00
    11.000   0.898463E+00   0.000000E+00   0.000000E+00   0.000000E+00   0.000000E+00   0.000000E+00   0.101537E+00   0.000000E+00
    11.100   0.898977E+00   0.000000E+00   0.000000E+00   0.000000E+00   0.000000E+00   0.000000E+00   0.101023E+00   0.000000E+00
    11.200   0.899488E+00   0.000000E+00   0.000000E+00   0.000000E+00   0.000000E+00   0.000000E+00   0.100512E+00   0.000000E+00
    11.300   0.899985E+00   0.000000E+00   0.000000E+00   0.000000E+00   0.000000E+00   0.000000E+00   0.100015E+00   0.000000E+00
    11.400   0.900457E+00   0.000000E+00   0.000000E+00   0.000000E+00   0.000000E+00   0.000000E+00   0.995428E-01   0.000000E+00
    11.500   0.900896E+00   0.000000E+00   0.000000E+00   0.000000E+00   0.000000E+00   0.000000E+00   0.991037E-01   0.000000E+00
    11.600   0.901293E+00   0.000000E+00   0.000000E+00   0.000000E+00   0.000000E+00   0.000000E+00   0.987074E-01   0.000000E+00
    11.700   0.901637E+00   0.000000E+00   0.000000E+00   0.000000E+00   0.000000E+00   0.000000E+00   0.983626E-01   0.000000E+00
    11.800   0.901923E+00   0.000000E+00   0.000000E+00   0.000000E+00   0.000000E+00   0.000000E+00   0.980771E-01   0.000000E+00
    11.900   0.902142E+00   0.000000E+00   0.000000E+00   0.000000E+00   0.000000E+00   0.000000E+00   0.978582E-01   0.000000E+00
    12.000   0.902288E+00   0.000000E+00   0.000000E+00   0.000000E+00   0.000000E+00   0.000000E+00   0.977121E-01   0.000000E+00
    12.100   0.902356E+00   0.000000E+00   0.000000E+00   0.000000E+00   0.000000E+00   0.000000E+00   0.976444E-01   0.000000E+00
    12.200   0.902340E+00   0.000000E+00   0.000000E+00   0.000000E+00   0.000000E+00   0.000000E+00   0.976596E-01   0.000000E+00
    12.300   0.902239E+00   0.000000E+00   0.000000E+00   0.000000E+00   0.000000E+00   0.000000E+00   0.977612E-01   0.000000E+00
    12.400   0.902048E+00   0.000000E+00   0.000000E+00   0.000000E+00   0.000000E+00   0.000000E+00   0.979519E-01   0.000000E+00
    12.500   0.901767E+00   0.000000E+00   0.000000E+00   0.000000E+00   0.000000E+00   0.000000E+00   0.982332E-01   0.000000E+00
    12.600   0.901394E+00   0.000000E+00   0.000000E+00   0.000000E+00   0.000000E+00   0.000000E+00   0.986057E-01   0.000000E+00
    12.700   0.900931E+00   0.000000E+00   0.000000E+00   0.000000E+00   0.000000E+00   0.000000E+00   0.990689E-01   0.000000E+00
    12.800   0.900378E+00   0.000000E+00   0.000000E+00   0.000000E+00   0.000000E+00   0.000000E+00   0.996216E-01   0.000000E+00
    12.900   0.899739E+00   0.000000E+00   0.000000E+00   0.000000E+00   0.000000E+00   0.000000E+00   0.100261E+00   0.000000E+00
    13.000   0.899015E+00   0.000000E+00   0.000000E+00   0.000000E+00   0.000000E+00   0.000000E+00   0.100985E+00   0.000000E+00
    13.100   0.898211E+00   0.000000E+00   0.000000E+00   0.000000E+00   0.000000E+00   0.000000E+00   0.101789E+00   0.000000E+00
    13.200   0.897332E+00   0.000000E+00   0.000000E+00   0.000000E+00   0.000000E+00   0.000000E+00   0.102668E+00   0.000000E+00
    13.300   0.896384E+00   0.000000E+00   0.000000E+00   0.000000E+00   0.000000E+00   0.000000E+00   0.103616E+00   0.000000E+00
    13.400   0.895372E+00   0.000000E+00   0.000000E+00   0.000000E+00   0.000000E+00   0.000000E+00   0.104628E+00   0.000000E+00
    13.500   0.894302E+00   0.000000E+00   0.000000E+00   0.000000E+00   0.000000E+00   0.000000E+00   0.105698E+00   0.000000E+00
    13.600   0.893183E+00   0.000000E+00   0.000000E+00   0.000000E+00   0.000000E+00   0.000000E+00   0.106817E+00   0.000000E+00
    13.700   0.892021E+00   0.000000E+00   0.000000E+00   0.000000E+00   0.000000E+00   0.000000E+00   0.107979E+00   0.000000E+00
    13.800   0.890823E+00   0.000000E+00   0.000000E+00   0.000000E+00   0.000000E+00   0.000000E+00   0.109177E+00   0.000000E+00
    13.900   0.889598E+00   0.000000E+00   0.000000E+00   0.000000E+00   0.000000E+00   0.000000E+00   0.110402E+00   0.000000E+00
    14.000   0.888353E+00   0.000000E+00   0.000000E+00   0.000000E+00   0.000000E+00   0.000000E+00   0.111647E+00   0.000000E+00
    14.100   0.887096E+00   0.000000E+00   0.000000E+00   0.000000E+00   0.000000E+00   0.000000E+00   0.112904E+00   0.000000E+00
    14.200   0.885835E+00   0.000000E+00   0.000000E+00   0.000000E+00   0.000000E+00   0.000000E+00   0.114165E+00   0.000000E+00
    14.300   0.884577E+00   0.000000E+00   0.000000E+00   0.000000E+00   0.000000E+00   0.000000E+00   0.115423E+00   0.000000E+00
    14.400   0.883330E+00   0.000000E+00   0.000000E+00   0.000000E+00   0.000000E+00   0.000000E+00   0.116670E+00   0.000000E+00
    14.500   0.882101E+00   0.000000E+00   0.000000E+00   0.000000E+00   0.000000E+00   0.000000E+00   0.117899E+00   0.000000E+00
    14.600   0.880896E+00   0.000000E+00   0.000000E+00   0.000000E+00   0.000000E+00   0.000000E+00   0.119104E+00   0.000000E+00
    14.700   0.879721E+00   0.000000E+00   0.000000E+00   0.000000E+00   0.000000E+00   0.000000E+00   0.120279E+00   0.000000E+00
    14.800   0.878582E+00   0.000000E+00   0.000000E+00   0.000000E+00   0.000000E+00   0.000000E+00   0.121418E+00   0.000000E+00
    14.900   0.877485E+00   0.000000E+00   0.000000E+00   0.000000E+00   0.000000E+00   0.000000E+00   0.122515E+00   0.000000E+00
    15.000   0.876434E+00   0.000000E+00   0.000000E+00   0.000000E+00   0.000000E+00   0.000000E+00   0.123566E+00   0.000000E+00
    15.100   0.875433E+00   0.000000E+00   0.000000E+00   0.000000E+00   0.000000E+00   0.000000E+00   0.124567E+00   0.000000E+00
    15.200   0.874486E+00   0.000000E+00   0.000000E+00   0.000000E+00   0.000000E+00   0.000000E+00   0.125514E+00   0.000000E+00
    15.300   0.873595E+00   0.000000E+00   0.000000E+00   0.000000E+00   0.000000E+00   0.000000E+00   0.126405E+00   0.000000E+00
    15.400   0.872764E+00   0.000000E+00   0.000000E+00   0.000000E+00   0.000000E+00   0.000000E+00   0.127236E+00   0.000000E+00
    15.500   0.871993E+00   0.000000E+00   0.000000E+00   0.000000E+00   0.000000E+00   0.000000E+00   0.128007E+00   0.000000E+00
    15.600   0.871284E+00   0.000000E+00   0.000000E+00   0.000000E+00   0.000000E+00   0.000000E+00   0.128716E+00   0.000000E+00
    15.700   0.870638E+00   0.000000E+00   0.000000E+00   0.000000E+00   0.000000E+00   0.000000E+00   0.129362E+00   0.000000E+00
    15.800   0.870053E+00   0.000000E+00   0.000000E+00   0.000000E+00   0.000000E+00   0.000000E+00   0.129947E+00   0.000000E+00
    15.900   0.869530E+00   0.000000E+00   0.000000E+00   0.000000E+00   0.000000E+00   0.000000E+00   0.130470E+00   0.000000E+00
    16.000   0.869068E+00   0.000000E+00   0.000000E+00   0.000000E+00   0.000000E+00   0.000000E+00   0.130932E+00   0.000000E+00
    16.100   0.868663E+00   0.000000E+00   0.000000E+00   0.000000E+00   0.000000E+00   0.000000E+00   0.131337E+00   0.000000E+00
    16.200   0.868315E+00   0.000000E+00   0.000000E+00   0.000000E+00   0.000000E+00   0.000000E+00   0.131685E+00   0.000000E+00
    16.300   0.868020E+00   0.000000E+00   0.000000E+00   0.000000E+00   0.000000E+00   0.000000E+00   0.131980E+00   0.000000E+00
    16.400   0.867775E+00   0.000000E+00   0.000000E+00   0.000000E+00   0.000000E+00   0.000000E+00   0.132225E+00   0.000000E+00
    16.500   0.867576E+00   0.000000E+00   0.000000E+00   0.000000E+00   0.000000E+00   0.000000E+00   0.132424E+00   0.000000E+00
    16.600   0.867420E+00   0.000000E+00   0.000000E+00   0.000000E+00   0.000000E+00   0.000000E+00   0.132580E+00   0.000000E+00
    16.700   0.867302E+00   0.000000E+00   0.000000E+00   0.000000E+00   0.000000E+00   0.000000E+00   0.132698E+00   0.000000E+00
    16.800   0.867217E+00   0.000000E+00   0.000000E+00   0.000000E+00   0.000000E+00   0.000000E+00   0.132783E+00   0.000000E+00
    16.900   0.867160E+00   0.000000E+00   0.000000E+00   0.000000E+00   0.000000E+00   0.000000E+00   0.132840E+00   0.000000E+00
    17.000   0.867127E+00   0.000000E+00   0.000000E+00   0.000000E+00   0.000000E+00   0.000000E+00   0.132873E+00   0.000000E+00
    17.100   0.867112E+00   0.000000E+00   0.000000E+00   0.000000E+00   0.000000E+00   0.000000E+00   0.132888E+00   0.000000E+00
    17.200   0.867110E+00   0.000000E+00   0.000000E+00   0.000000E+00   0.000000E+00   0.000000E+00   0.132890E+00   0.000000E+00
    17.300   0.867116E+00   0.000000E+00   0.000000E+00   0.000000E+00   0.000000E+00   0.000000E+00   0.132884E+00   0.000000E+00
    17.400   0.867124E+00   0.000000E+00   0.000000E+00   0.000000E+00   0.000000E+00   0.000000E+00   0.132876E+00   0.000000E+00
    17.500   0.867129E+00   0.000000E+00   0.000000E+00   0.000000E+00   0.000000E+00   0.000000E+00   0.132871E+00   0.000000E+00
    17.600   0.867127E+00   0.000000E+00   0.000000E+00   0.000000E+00   0.000000E+00   0.000000E+00   0.132873E+00   0.000000E+00
    17.700   0.867112E+00   0.000000E+00   0.000000E+00   0.000000E+00   0.000000E+00   0.000000E+00   0.132888E+00   0.000000E+00
    17.800   0.867080E+00   0.000000E+00   0.000000E+00   0.000000E+00   0.000000E+00   0.000000E+00   0.132920E+00   0.000000E+00
    17.900   0.867026E+00   0.000000E+00   0.000000E+00   0.000000E+00   0.000000E+00   0.000000E+00   0.132974E+00   0.000000E+00
    18.000   0.866946E+00   0.000000E+00   0.000000E+00   0.000000E+00   0.000000E+00   0.000000E+00   0.133054E+00   0.000000E+00
    18.100   0.866837E+00   0.000000E+00   0.000000E+00   0.000000E+00   0.000000E+00   0.000000E+00   0.133163E+00   0.000000E+00
    18.200   0.866695E+00   0.000000E+00   0.000000E+00   0.000000E+00   0.000000E+00   0.000000E+00   0.133305E+00   0.000000E+00
    18.300   0.866517E+00   0.000000E+00   0.000000E+00   0.000000E+00   0.000000E+00   0.000000E+00   0.133483E+00   0.000000E+00
    18.400   0.866301E+00   0.000000E+00   0.000000E+00   0.000000E+00   0.000000E+00   0.000000E+00   0.133699E+00   0.000000E+00
    18.500   0.866044E+00   0.000000E+00   0.000000E+00   0.000000E+00   0.000000E+00   0.000000E+00   0.133956E+00   0.000000E+00
    18.600   0.865745E+00   0.000000E+00   0.000000E+00   0.000000E+00   0.000000E+00   0.000000E+00   0.134255E+00   0.000000E+00
    18.700   0.865403E+00   0.000000E+00   0.000000E+00   0.000000E+00   0.000000E+00   0.000000E+00   0.134597E+00   0.000000E+00
    18.800   0.865017E+00   0.000000E+00   0.000000E+00   0.000000E+00   0.000000E+00   0.000000E+00   0.134983E+00   0.000000E+00
    18.900   0.864588E+00   0.000000E+00   0.000000E+00   0.000000E+00   0.000000E+00   0.000000E+00   0.135412E+00   0.000000E+00
    19.000   0.864114E+00   0.000000E+00   0.000000E+00   0.000000E+00   0.000000E+00   0.000000E+00   0.135886E+00   0.000000E+00
    19.100   0.863598E+00   0.000000E+00   0.000000E+00   0.000000E+00   0.000000E+00   0.000000E+00   0.136402E+00   0.000000E+00
    19.200   0.863039E+00   0.000000E+00   0.000000E+00   0.000000E+00   0.000000E+00   0.000000E+00   0.136961E+00   0.000000E+00
    19.300   0.862441E+00   0.000000E+00   0.000000E+00   0.000000E+00   0.000000E+00   0.000000E+00   0.137559E+00   0.000000E+00
    19.400   0.861804E+00   0.000000E+00   0.000000E+00   0.000000E+00   0.000000E+00   0.000000E+00   0.138196E+00   0.000000E+00
    19.500   0.861131E+00   0.000000E+00   0.000000E+00   0.000000E+00   0.000000E+00   0.000000E+00   0.138869E+00   0.000000E+00
    19.600   0.860424E+00   0.000000E+00   0.000000E+00   0.000000E+00   0.000000E+00   0.000000E+00   0.139576E+00   0.000000E+00
    19.700   0.859687E+00   0.000000E+00   0.000000E+00   0.000000E+00   0.000000E+00   0.000000E+00   0.140313E+00   0.000000E+00
    19.800   0.858923E+00   0.000000E+00   0.000000E+00   0.000000E+00   0.000000E+00   0.000000E+00   0.141077E+00   0.000000E+00
    19.900   0.858135E+00   0.000000E+00   0.000000E+00   0.000000E+00   0.000000E+00   0.000000E+00   0.141865E+00   0.000000E+00
    20.000   0.857326E+00   0.000000E+00   0.000000E+00   0.000000E+00   0.000000E+00   0.000000E+00   0.142674E+00   0.000000E+00
    20.100   0.856501E+00   0.000000E+00   0.000000E+00   0.000000E+00   0.000000E+00   0.000000E+00   0.143499E+00   0.000000E+00
    20.200   0.855663E+00   0.000000E+00   0.000000E+00   0.000000E+00   0.000000E+00   0.000000E+00   0.144337E+00   0.000000E+00
    20.300   0.854815E+00   0.000000E+00   0.000000E+00   0.000000E+00   0.000000E+00   0.000000E+00   0.145185E+00   0.000000E+00
    20.400   0.853962E+00   0.000000E+00   0.000000E+00   0.000000E+00   0.000000E+00   0.000000E+00   0.146038E+00   0.000000E+00
    20.500   0.853107E+00   0.000000E+00   0.000000E+00   0.000000E+00   0.000000E+00   0.000000E+00   0.146893E+00   0.000000E+00
    20.600   0.852254E+00   0.000000E+00   0.000000E+00   0.000000E+00   0.000000E+00   0.000000E+00   0.147746E+00   0.000000E+00
    20.700   0.851406E+00   0.000000E+00   0.000000E+00   0.000000E+00   0.000000E+00   0.000000E+00   0.148594E+00   0.000000E+00
    20.800   0.850567E+00   0.000000E+00   0.000000E+00   0.000000E+00   0.000000E+00   0.000000E+00   0.149433E+00   0.000000E+00
    20.900   0.849741E+00   0.000000E+00   0.000000E+00   0.000000E+00   0.000000E+00   0.000000E+00   0.150259E+00   0.000000E+00
    21.000   0.848929E+00   0.000000E+00   0.000000E+00   0.000000E+00   0.000000E+00   0.000000E+00   0.151071E+00   0.000000E+00
    21.100   0.848136E+00   0.000000E+00   0.000000E+00   0.000000E+00   0.000000E+00   0.000000E+00   0.151864E+00   0.000000E+00
    21.200   0.847363E+00   0.000000E+00   0.000000E+00   0.000000E+00   0.000000E+00   0.000000E+00   0.152637E+00   0.000000E+00
    21.300   0.846613E+00   0.000000E+00   0.000000E+00   0.000000E+00   0.000000E+00   0.000000E+00   0.153387E+00   0.000000E+00
    21.400   0.845888E+00   0.000000E+00   0.000000E+00   0.000000E+00   0.000000E+00   0.000000E+00   0.154112E+00   0.000000E+00
    21.500   0.845190E+00   0.000000E+00   0.000000E+00   0.000000E+00   0.000000E+00   0.000000E+00   0.154810E+00   0.000000E+00
    21.600   0.844519E+00   0.000000E+00   0.000000E+00   0.000000E+00   0.000000E+00   0.000000E+00   0.155481E+00   0.000000E+00
    21.700   0.843878E+00   0.000000E+00   0.000000E+00   0.000000E+00   0.000000E+00   0.000000E+00   0.156122E+00   0.000000E+00
    21.800   0.843268E+00   0.000000E+00   0.000000E+00   0.000000E+00   0.000000E+00   0.000000E+00   0.156732E+00   0.000000E+00
    21.900   0.842688E+00   0.000000E+00   0.000000E+00   0.000000E+00   0.000000E+00   0.000000E+00   0.157312E+00   0.000000E+00
    22.000   0.842138E+00   0.000000E+00   0.000000E+00   0.000000E+00   0.000000E+00   0.000000E+00   0.157862E+00   0.000000E+00
    22.100   0.841620E+00   0.000000E+00   0.000000E+00   0.000000E+00   0.000000E+00   0.000000E+00   0.158380E+00   0.000000E+00
    22.200   0.841132E+00   0.000000E+00   0.000000E+00   0.000000E+00   0.000000E+00   0.000000E+00   0.158868E+00   0.000000E+00
    22.300   0.840674E+00   0.000000E+00   0.000000E+00   0.000000E+00   0.000000E+00   0.000000E+00   0.159326E+00   0.000000E+00
    22.400   0.840244E+00   0.000000E+00   0.000000E+00   0.000000E+00   0.000000E+00   0.000000E+00   0.159756E+00   0.000000E+00
    22.500   0.839842E+00   0.000000E+00   0.000000E+00   0.000000E+00   0.000000E+00   0.000000E+00   0.160158E+00   0.000000E+00
    22.600   0.839467E+00   0.000000E+00   0.000000E+00   0.000000E+00   0.000000E+00   0.000000E+00   0.160533E+00   0.000000E+00
    22.700   0.839116E+00   0.000000E+00   0.000000E+00   0.000000E+00   0.000000E+00   0.000000E+00   0.160884E+00   0.000000E+00
    22.800   0.838787E+00   0.000000E+00   0.000000E+00   0.000000E+00   0.000000E+00   0.000000E+00   0.161213E+00   0.000000E+00
    22.900   0.838480E+00   0.000000E+00   0.000000E+00   0.000000E+00   0.000000E+00   0.000000E+00   0.161520E+00   0.000000E+00
    23.000   0.838190E+00   0.000000E+00   0.000000E+00   0.000000E+00   0.000000E+00   0.000000E+00   0.161810E+00   0.000000E+00
    23.100   0.837917E+00   0.000000E+00   0.000000E+00   0.000000E+00   0.000000E+00   0.000000E+00   0.162083E+00   0.000000E+00
    23.200   0.837658E+00   0.000000E+00   0.000000E+00   0.000000E+00   0.000000E+00   0.000000E+00   0.162342E+00   0.000000E+00
    23.300   0.837410E+00   0.000000E+00   0.000000E+00   0.000000E+00   0.000000E+00   0.000000E+00   0.162590E+00   0.000000E+00
    23.400   0.837171E+00   0.000000E+00   0.000000E+00   0.000000E+00   0.000000E+00   0.000000E+00   0.162829E+00   0.000000E+00
    23.500   0.836938E+00   0.000000E+00   0.000000E+00   0.000000E+00   0.000000E+00   0.000000E+00   0.163062E+00   0.000000E+00
    23.600   0.836708E+00   0.000000E+00   0.000000E+00   0.000000E+00   0.000000E+00   0.000000E+00   0.163292E+00   0.000000E+00
    23.700   0.836480E+00   0.000000E+00   0.000000E+00   0.000000E+00   0.000000E+00   0.000000E+00   0.163520E+00   0.000000E+00
    23.800   0.836249E+00   0.000000E+00   0.000000E+00   0.000000E+00   0.000000E+00   0.000000E+00   0.163751E+00   0.000000E+00
    23.900   0.836015E+00   0.000000E+00   0.000000E+00   0.000000E+00   0.000000E+00   0.000000E+00   0.163985E+00   0.000000E+00
    24.000   0.835774E+00   0.000000E+00   0.000000E+00   0.000000E+00   0.000000E+00   0.000000E+00   0.164226E+00   0.000000E+00
    24.100   0.835525E+00   0.000000E+00   0.000000E+00   0.000000E+00   0.000000E+00   0.000000E+00   0.164475E+00   0.000000E+00
    24.200   0.835265E+00   0.000000E+00   0.000000E+00   0.000000E+00   0.000000E+00   0.000000E+00   0.164735E+00   0.000000E+00
    24.300   0.834992E+00   0.000000E+00   0.000000E+00   0.000000E+00   0.000000E+00   0.000000E+00   0.165008E+00   0.000000E+00
    24.400   0.834705E+00   0.000000E+00   0.000000E+00   0.000000E+00   0.000000E+00   0.000000E+00   0.165295E+00   0.000000E+00
    24.500   0.834402E+00   0.000000E+00   0.000000E+00   0.000000E+00   0.000000E+00   0.000000E+00   0.165598E+00   0.000000E+00
    24.600   0.834081E+00   0.000000E+00   0.000000E+00   0.000000E+00   0.000000E+00   0.000000E+00   0.165919E+00   0.000000E+00
    24.700   0.833742E+00   0.000000E+00   0.000000E+00   0.000000E+00   0.000000E+00   0.000000E+00   0.166258E+00   0.000000E+00
    24.800   0.833383E+00   0.000000E+00   0.000000E+00   0.000000E+00   0.000000E+00   0.000000E+00   0.166617E+00   0.000000E+00
    24.900   0.833003E+00   0.000000E+00   0.000000E+00   0.000000E+00   0.000000E+00   0.000000E+00   0.166997E+00   0.000000E+00
    25.000   0.832603E+00   0.000000E+00   0.000000E+00   0.000000E+00   0.000000E+00   0.000000E+00   0.167397E+00   0.000000E+00
    25.100   0.832182E+00   0.000000E+00   0.000000E+00   0.000000E+00   0.000000E+00   0.000000E+00   0.167818E+00   0.000000E+00
    25.200   0.831740E+00   0.000000E+00   0.000000E+00   0.000000E+00   0.000000E+00   0.000000E+00   0.168260E+00   0.000000E+00
    25.300   0.831276E+00   0.000000E+00   0.000000E+00   0.000000E+00   0.000000E+00   0.000000E+00   0.168724E+00   0.000000E+00
    25.400   0.830792E+00   0.000000E+00   0.000000E+00   0.000000E+00   0.000000E+00   0.000000E+00   0.169208E+00   0.000000E+00
    25.500   0.830288E+00   0.000000E+00   0.000000E+00   0.000000E+00   0.000000E+00   0.000000E+00   0.169712E+00   0.000000E+00
    25.600   0.829765E+00   0.000000E+00   0.000000E+00   0.000000E+00   0.000000E+00   0.000000E+00   0.170235E+00   0.000000E+00
    25.700   0.829223E+00   0.000000E+00   0.000000E+00   0.000000E+00   0.000000E+00   0.000000E+00   0.170777E+00   0.000000E+00
    25.800   0.828665E+00   0.000000E+00   0.000000E+00   0.000000E+00   0.000000E+00   0.000000E+00   0.171335E+00   0.000000E+00
    25.900   0.828090E+00   0.000000E+00   0.000000E+00   0.000000E+00   0.000000E+00   0.000000E+00   0.171910E+00   0.000000E+00
    26.000   0.827501E+00   0.000000E+00   0.000000E+00   0.000000E+00   0.000000E+00   0.000000E+00   0.172499E+00   0.000000E+00
    26.100   0.826899E+00   0.000000E+00   0.000000E+00   0.000000E+00   0.000000E+00   0.000000E+00   0.173101E+00   0.000000E+00
    26.200   0.826285E+00   0.000000E+00   0.000000E+00   0.000000E+00   0.000000E+00   0.000000E+00   0.173715E+00   0.000000E+00
    26.300   0.825662E+00   0.000000E+00   0.000000E+00   0.000000E+00   0.000000E+00   0.000000E+00   0.174338E+00   0.000000E+00
    26.400   0.825031E+00   0.000000E+00   0.000000E+00   0.000000E+00   0.000000E+00   0.000000E+00   0.174969E+00   0.000000E+00
    26.500   0.824394E+00   0.000000E+00   0.000000E+00   0.000000E+00   0.000000E+00   0.000000E+00   0.175606E+00   0.000000E+00
    26.600   0.823753E+00   0.000000E+00   0.000000E+00   0.000000E+00   0.000000E+00   0.000000E+00   0.176247E+00   0.000000E+00
    26.700   0.823109E+00   0.000000E+00   0.000000E+00   0.000000E+00   0.000000E+00   0.000000E+00   0.176891E+00   0.000000E+00
    26.800   0.822465E+00   0.000000E+00   0.000000E+00   0.000000E+00   0.000000E+00   0.000000E+00   0.177535E+00   0.000000E+00
    26.900   0.821822E+00   0.000000E+00   0.000000E+00   0.000000E+00   0.000000E+00   0.000000E+00   0.178178E+00   0.000000E+00
    27.000   0.821182E+00   0.000000E+00   0.000000E+00   0.000000E+00   0.000000E+00   0.000000E+00   0.178818E+00   0.000000E+00
    27.100   0.820547E+00   0.000000E+00   0.000000E+00   0.000000E+00   0.000000E+00   0.000000E+00   0.179453E+00   0.000000E+00
    27.200   0.819918E+00   0.000000E+00   0.000000E+00   0.000000E+00   0.000000E+00   0.000000E+00   0.180082E+00   0.000000E+00
    27.300   0.819296E+00   0.000000E+00   0.000000E+00   0.000000E+00   0.000000E+00   0.000000E+00   0.180704E+00   0.000000E+00
    27.400   0.818684E+00   0.000000E+00   0.000000E+00   0.000000E+00   0.000000E+00   0.000000E+00   0.181316E+00   0.000000E+00
    27.500   0.818082E+00   0.000000E+00   0.000000E+00   0.000000E+00   0.000000E+00   0.000000E+00   0.181918E+00   0.000000E+00
    27.600   0.817491E+00   0.000000E+00   0.000000E+00   0.000000E+00   0.000000E+00   0.000000E+00   0.182509E+00   0.000000E+00
    27.700   0.816913E+00   0.000000E+00   0.000000E+00   0.000000E+00   0.000000E+00   0.000000E+00   0.183087E+00   0.000000E+00
    27.800   0.816348E+00   0.000000E+00   0.000000E+00   0.000000E+00   0.000000E+00   0.000000E+00   0.183652E+00   0.000000E+00
    27.900   0.815797E+00   0.000000E+00   0.000000E+00   0.000000E+00   0.000000E+00   0.000000E+00   0.184203E+00   0.000000E+00
    28.000   0.815260E+00   0.000000E+00   0.000000E+00   0.000000E+00   0.000000E+00   0.000000E+00   0.184740E+00   0.000000E+00
    28.100   0.814739E+00   0.000000E+00   0.000000E+00   0.000000E+00   0.000000E+00   0.000000E+00   0.185261E+00   0.000000E+00
    28.200   0.814233E+00   0.000000E+00   0.000000E+00   0.000000E+00   0.000000E+00   0.000000E+00   0.185767E+00   0.000000E+00
    28.300   0.813742E+00   0.000000E+00   0.000000E+00   0.000000E+00   0.000000E+00   0.000000E+00   0.186258E+00   0.000000E+00
    28.400   0.813266E+00   0.000000E+00   0.000000E+00   0.000000E+00   0.000000E+00   0.000000E+00   0.186734E+00   0.000000E+00
    28.500   0.812805E+00   0.000000E+00   0.000000E+00   0.000000E+00   0.000000E+00   0.000000E+00   0.187195E+00   0.000000E+00
    28.600   0.812359E+00   0.000000E+00   0.000000E+00   0.000000E+00   0.000000E+00   0.000000E+00   0.187641E+00   0.000000E+00
    28.700   0.811928E+00   0.000000E+00   0.000000E+00   0.000000E+00   0.000000E+00   0.000000E+00   0.188072E+00   0.000000E+00
    28.800   0.811509E+00   0.000000E+00   0.000000E+00   0.000000E+00   0.000000E+00   0.000000E+00   0.188491E+00   0.000000E+00
    28.900   0.811104E+00   0.000000E+00   0.000000E+00   0.000000E+00   0.000000E+00   0.000000E+00   0.188896E+00   0.000000E+00
    29.000   0.810711E+00   0.000000E+00   0.000000E+00   0.000000E+00   0.000000E+00   0.000000E+00   0.189289E+00   0.000000E+00
    29.100   0.810329E+00   0.000000E+00   0.000000E+00   0.000000E+00   0.000000E+00   0.000000E+00   0.189671E+00   0.000000E+00
    29.200   0.809957E+00   0.000000E+00   0.000000E+00   0.000000E+00   0.000000E+00   0.000000E+00   0.190043E+00   0.000000E+00
    29.300   0.809595E+00   0.000000E+00   0.000000E+00   0.000000E+00   0.000000E+00   0.000000E+00   0.190405E+00   0.000000E+00
    29.400   0.809240E+00   0.000000E+00   0.000000E+00   0.000000E+00   0.000000E+00   0.000000E+00   0.190760E+00   0.000000E+00
    29.500   0.808892E+00   0.000000E+00   0.000000E+00   0.000000E+00   0.000000E+00   0.000000E+00   0.191108E+00   0.000000E+00
    29.600   0.808549E+00   0.000000E+00   0.000000E+00   0.000000E+00   0.000000E+00   0.000000E+00   0.191451E+00   0.000000E+00
    29.700   0.808211E+00   0.000000E+00   0.000000E+00   0.000000E+00   0.000000E+00   0.000000E+00   0.191789E+00   0.000000E+00
    29.800   0.807876E+00   0.000000E+00   0.000000E+00   0.000000E+00   0.000000E+00   0.000000E+00   0.192124E+00   0.000000E+00
    29.900   0.807542E+00   0.000000E+00   0.000000E+00   0.000000E+00   0.000000E+00   0.000000E+00   0.192458E+00   0.000000E+00
    30.000   0.807209E+00   0.000000E+00   0.000000E+00   0.000000E+00   0.000000E+00   0.000000E+00   0.192791E+00   0.000000E+00
    30.100   0.806875E+00   0.000000E+00   0.000000E+00   0.000000E+00   0.000000E+00   0.000000E+00   0.193125E+00   0.000000E+00
    30.200   0.806540E+00   0.000000E+00   0.000000E+00   0.000000E+00   0.000000E+00   0.000000E+00   0.193460E+00   0.000000E+00
    30.300   0.806201E+00   0.000000E+00   0.000000E+00   0.000000E+00   0.000000E+00   0.000000E+00   0.193799E+00   0.000000E+00
    30.400   0.805858E+00   0.000000E+00   0.000000E+00   0.000000E+00   0.000000E+00   0.000000E+00   0.194142E+00   0.000000E+00
